Random BST size vs. height (Insertion)
-----------------------------------------------------------------------
100  14
200  16
300  17
395  19
490  20
580  20
670  21
758  21
852  21
942  22
1033  22
1122  22
1204  22
1295  23
1377  23
1460  24
1540  24
1623  24
1709  24
1795  25
1877  25
1953  25
2026  25
2105  25
2182  25
2259  25
2340  25
2413  25
2483  25
2562  25
2629  25
2700  25
2766  25
2834  25
2904  25
2974  26
3044  26
3111  26
3177  26
3239  27
3300  27
3372  27
3433  27
3501  27
3570  27
3634  27
3694  27
3752  27
3814  27
3878  27
3940  27
4002  27
4058  27
4117  27
4175  27
4235  27
4290  27
4345  27
4399  27
4464  27
4506  27
4564  27
4613  27
4664  27
4709  27
4762  27
4810  27
4859  27
4907  27
4955  27
5007  27
5053  27
5098  27
5159  27
5207  27
5248  27
5294  27
5341  27
5380  27
5425  27
5467  27
5511  27
5561  27
5611  27
5662  28
5708  28
5743  28
5785  28
5832  28
5873  28
5917  28
5952  28
5998  28
6028  28
6062  28
6097  28
6134  28
6165  28
6204  28
Random BST size vs. height (Deletion)
-----------------------------------------------------------------------
// There is a mistake in remove function so the result is like that.